00 A4 04 00 0e 31 50 41 59 2e 53 59 53 2e 44 44 46 30 31 00
00 A4 04 00 07 a0 00 00 00 03 10 10 00
00 A4 04 00 07 a0 00 00 00 03 20 10 00
00 A4 04 00 07 a0 00 00 00 03 20 20 00
00 A4 04 00 07 a0 00 00 00 03 80 10 00
00 A4 04 00 07 a0 00 00 00 04 10 10 00
00 A4 04 00 07 a0 00 00 00 04 99 99 00
00 A4 04 00 07 a0 00 00 00 04 30 60 00
00 A4 04 00 07 a0 00 00 00 04 60 00 00
00 A4 04 00 07 a0 00 00 00 05 00 01 00
00 A4 04 00 07 a0 00 00 01 52 30 10 00
00 A4 04 00 08 a0 00 00 00 25 01 01 04 00
00 A4 04 00 08 a0 00 00 00 25 01 08 01 00
00 A4 04 00 09 a0 00 00 00 25 01 01 04 01 00
00 A4 04 00 05 a0 00 00 00 03 00
00 A4 04 00 05 a0 00 00 00 04 00
00 A4 04 02 05 a0 00 00 00 04 00
00 A4 04 02 05 a0 00 00 00 04 00
00 A4 04 00 06 a0 00 00 00 25 01 00
00 A4 04 00 07 a0 00 00 00 04 55 55 00
00 A4 04 00 07 a0 00 00 00 04 10 10 00
80 A8 00 00 02 83 00 00
00 B2 01 0c 00
00 B2 02 14 00
00 B2 03 14 00
00 B2 04 14 00
00 B2 05 14 00
00 B2 06 14 00
00 B2 07 14 00
80 AE 80 00 25 00 00 00 00 01 00 00 00 00 00 00 00 06 08 80 c0 00 00 00 06 08 15 04 13 00 91 74 92 a0 21 00 00 5f 03 02 48 00 00
80 AE 00 00 13 00 00 00 00 00 00 00 00 00 00 5a 33 80 c0 00 00 00 68 00 00